jjlongs15f8,16055.177211761475,16801.731079708137,0
jjlong29npv,9371.295690536499,16799.744956067243,0
jjlongbr39d,26171.417951583862,16826.996052049504,0
jjlongy69pz,6873.190641403198,16842.83494656804,0
jjlong8ebb7,43860.83269119263,16811.2307346368,0
jjlongo5zb0,21259.037256240845,16800.027993505228,0
jjlongpflwa,10558.660984039307,16815.524456575477,0
jjlongfz11l,21174.036979675293,16782.044584596933,0
jjlongzgfja,7378.3862590789795,16823.727183644893,0
jjlongryedg,13678.911924362183,16803.898421570953,0
jjlongfbm41,9352.615594863892,16806.897360014736,0
jjlongz5zpj,35787.09030151367,16792.13358966596,0
jjlongzd587,14564.223766326904,16787.515950762256,0
jjlongdvqgi,7714.86759185791,16843.25910555637,0
jjlonglmijt,7129.8668384552,16821.79655680977,0
jjlong8ola4,13474.978923797607,16803.60689295868,0
jjlongq3r8k,7792.84930229187,16772.6554538349,0
jjlongq9o0d,19840.90566635132,16835.832953080368,0
jjlongjd0by,13204.418659210205,16834.345391628805,0
jjlongw0csb,18714.279174804688,16792.954782752633,0
jjlongmid24,8624.094247817993,16838.268856021932,0
jjlong8n6jj,9431.649208068848,16828.056186054604,0
jjlonghelrh,26293.240785598755,16824.85901929806,0
jjlong78d39,12496.905088424683,16823.307905387526,0
jjlonghngc9,18580.352067947388,16840.39929302754,0
jjlongj9jkh,14191.400051116943,16830.18014914602,0
jjlongegtdo,10257.823705673218,16787.343060168747,0
jjlong7pjke,43420.35698890686,16812.80089896399,0
jjlong8mii8,24020.686626434326,16780.236516295812,0
jjlongz5dy5,21935.6107711792,16801.238867028373,0
jjlonge53d3,8111.696004867554,9917.508542124902,21
jjlongyf6kt,8923.26283454895,9610.125894166813,21
jjlonguet1w,8156.794548034668,9643.16092574529,21
jjlongdnmhc,9269.089698791504,9870.03443566212,21
jjlong56zkj,7718.797206878662,9813.183430710902,21
jjlong9mmd3,9272.096872329712,9626.565284479682,21
jjlongak0tz,9023.267269134521,9840.715990483923,21
jjlongmi0c6,10298.015594482422,9799.763751076358,21
jjlong136h3,8490.155935287476,9854.716728896441,21
jjlongzg3y6,9419.456720352173,9424.924293472934,21
jjlong2nll9,9352.446556091309,9667.678673453394,21
jjlongujwvk,8676.743268966675,10076.542452198595,21
jjlong1r6cd,7937.163591384888,9981.42986464382,21
jjlongxc2j7,9481.647968292236,10035.125704211447,21
jjlong07c6o,22304.987907409668,9866.418620640328,21
jjlong2wdpt,8902.621030807495,9644.132268123916,21
jjlongqmg6i,8988.971948623657,9850.15935954816,21
jjlongyu9ko,10502.561330795288,9828.406999517678,21
jjlong9lp1o,12918.537855148315,9860.037066327854,21
jjlongqoden,12412.8737449646,9593.769150148493,21
jjlong2agzm,11286.372661590576,9580.033165724464,21
jjlong3sqag,9346.118211746216,9761.540930356756,21
jjlong4lwg7,10383.204221725464,9458.729379040242,21
jjlongwdb05,8606.045484542847,9603.736736353283,21
jjlong2v6zx,9559.054851531982,9860.563011840119,21
jjlongpk41w,13949.318408966064,10064.750187119655,21
jjlonghxfn5,10673.842906951904,9846.193785781285,21
jjlongxeojh,23955.737113952637,9654.073072049581,21
jjlongtcjoo,16332.621097564697,9646.464302219889,21
jjlonghhj2n,10169.920921325684,9844.74609714817,21
jjlonglz8f6,24690.494775772095,44880.51703028988,41
jjlong0htcy,20379.088640213013,45670.346473321035,41
jjlongye14x,21483.412742614746,45655.252306801995,41
jjlong1k8dr,26426.297903060913,44101.494244869195,41
jjlonglrag3,100735.36443710327,44876.869134390516,41
jjlongtcxp1,41280.306577682495,44875.19133425139,41
jjlongty1o9,43489.3753528595,44052.38984510923,41
jjlongomzcy,36826.70331001282,44859.35843639002,41
jjlonghpimv,66778.55396270752,44072.780027182,41
jjlong50piq,31128.96156311035,44858.15708119602,41
jjlong1os46,38396.98553085327,43287.65248646362,41
jjlongiaueo,34421.170234680176,45661.73538567165,41
jjlongisuc9,16266.386985778809,44827.678117918156,41
jjlongbqr8w,26659.388542175293,44833.34753486617,41
jjlonggxyi9,23788.564205169678,44840.15205044804,41
jjlong4zouv,36893.20421218872,44834.77259371227,41
jjlongej4je,59798.333406448364,44072.20744077689,41
jjlongwrcro,29925.17614364624,45689.235061228195,41
jjlong8clw1,28071.815490722656,45673.20093537497,41
jjlongt5lb3,45875.11420249939,44884.41593929476,41
jjlongdhvjd,25447.304010391235,45695.08950858047,41
jjlong3fc0m,88822.62969017029,45676.95942765104,41
jjlong7v7yu,26427.528142929077,44049.43190213108,41
jjlong38v4v,32962.884187698364,44848.7597806234,41
jjlongyi3gp,59334.020376205444,43303.87531872886,41
jjlong0gsn5,28724.82132911682,44851.53583992707,41
jjlongfleh4,80553.31587791443,44886.50851199718,41
jjlongr4tjw,117188.02285194397,45630.37302904566,41
jjlong73i64,21290.706396102905,44038.71113588506,41
jjlongdeeww,22595.085859298706,44875.5985906745,41

