jjlonga45vu,47606.019276555184,46697.24610841883,[31],0.022278545409258277, 1
jjlongo67p5,46941.88046264588,46685.35874682194,[31],0.022362702999054875, 1
jjlongqjtl4,46074.92685317993,44263.76931810973,[31],0.04047817824023136, 1
jjlongt5y5l,44283.1947501355,46669.97037001072,[31],0.022914080311515355, 1
jjlongx921h,42428.28061762512,46693.63318792362,[31],0.02278349094803787, 1
jjlongnhqte,48945.2710022754,46668.890279213,[31],0.02247297846154697, 1
jjlongko6jy,48774.19708441528,46684.35902894958,[31],0.022313369239518935, 1
jjlongusy78,46526.191957019655,46643.43013160776,[31],0.022873452509544583, 1
jjlonghu4tb,48749.59780753111,46715.19606968313,[31],0.022040582569143756, 1
jjlong6briu,46381.382917437135,46689.56450054946,[31],0.022458468532271698, 1
jjlong9pt5x,76667.50574111938,85053.34463715614,[31],0.0009105128594147228,0.01
jjlonge5c5h,80550.7869720459,70910.48590904177,[31],0.0009123519222784808,0.01
jjlong1ulun,76878.57246398926,82120.96021452859,[31],0.000662820404361299,0.01
jjlongn6nd1,82015.21039009094,81999.18130759892,[31],0.0006531686362145818,0.01
jjlongdrnex,75236.59658432007,81353.22043444049,[31],0.0006073972194728223,0.01
jjlongz1zdp,79855.81398010254,80953.7503325905,[31],0.000620588550464186,0.01
jjlongs8t3o,81067.36373901367,81283.18492819976,[31],0.0006132295710925701,0.01
jjlongwf8za,79389.11819458008,81624.17092543995,[31],0.0005998771500761453,0.01
jjlonglxkkr,81159.51037406921,81334.88542267085,[31],0.0006078100590329624,0.01
jjlong1fqb2,77534.36470031738,85647.72739675522,[31],0.0006080744034554688,0.01
jjlongs9lyw,57977.550983428955,59861.859885490536,[31],0.001325133684373052,0.02
jjlongo631r,63124.35007095337,61437.93416864684,[31],0.0012003079001484543,0.02
jjlongf5om4,56606.104373931885,61416.13919274658,[31],0.0011891585640184624,0.02
jjlonglxr27,60100.07929801941,62060.28517439042,[31],0.0012864618611529394,0.02
jjlonglpnjx,63749.11165237427,61775.49450132203,[31],0.001242488255717166,0.02
jjlongiq7tk,64176.97763442993,61014.04373518308,[31],0.0012779634161307772,0.02
jjlongjjlu6,59710.85238456726,62412.638708840364,[31],0.00123991533199486,0.02
jjlongrfpb8,62184.49783325195,61774.25863855426,[31],0.0012341457454660531,0.02
jjlong22unj,62433.41588973999,60203.22061632538,[31],0.001341818704875278,0.02
jjlongfccpf,62322.82042503357,61021.1473070014,[31],0.0012576918958944279,0.02
jjlongjmu6n,52225.07190704346,53261.83191383893,[31],0.00249985259143902,0.04
jjlonglvd3n,50272.1586227417,52852.12457054822,[31],0.0026392251742421357,0.04
jjlongol6qj,53435.190200805664,53101.14899852731,[31],0.0025271775556468595,0.04
jjlongsn1ej,52961.06839179993,53119.43384081038,[31],0.002494662374773843,0.04
jjlong31v6l,52720.26228904724,51865.669132083625,[31],0.0029614765677770504,0.04
jjlongi7m5v,51977.07104682922,53115.62417471519,[31],0.0025317571585867214,0.04
jjlongfi1lr,58310.71853637695,52533.46772821726,[31],0.0026825787487394902,0.04
jjlong5ci3c,50818.48764419556,51961.65738120154,[31],0.00283217911144163,0.04
jjlongryae5,55619.50373649597,51529.36927743418,[31],0.002932167108961938,0.04
jjlong31v6l,52720.26228904724,51865.669132083625,[31],0.0029614765677770504,0.04
jjlongx3t5c,65768.93544197083,68799.92697972954,[31],0.0009553941210199514,0.0133
jjlongpntaj,73423.50006103516,69592.81463350062,[31],0.0009051294499894547,0.0133
jjlongvlt65,71350.73757171631,71052.53439438528,[31],0.0008651473752133792,0.0133
jjlongnvslb,70486.52219772339,72676.70190676276,[31],0.0008606585260870835,0.0133
jjlongw2n2z,68912.67156600952,71889.31667993715,[31],0.0008648863956130133,0.0133
jjlongn8uk8,70153.49769592285,71942.78808382366,[31],0.0008553345422396165,0.0133
jjlong25ued,70309.3614578247,72906.10458176886,[31],0.0008537164687173472,0.0133
jjlongn96sw,67921.95844650269,71566.67666428711,[31],0.0008572657912823251,0.0133
jjlongtth9w,68981.98390007019,71636.31992477496,[31],0.0008547603871188115,0.0133
jjlonghtaos,69923.7232208252,72476.74785728412,[31],0.0008585706892841553,0.0133
jjlongab4pc,55925.62294006348,59055.66036471989,[0],0.038246482323258765,1
jjlongtf4sm,62150.83074569702,59056.55879798901,[0],0.03770198758640441,1
jjlong3tn3z,57335.91914176941,59058.137540041134,[0],0.03772640439074767,1
jjlongfpgy4,65301.62286758423,59056.159456770714,[0],0.03924512962089749,1
jjlongke7lo,62628.215312957764,59056.05216740201,[0],0.03746514458427493,1
jjlongkxo8h,56646.86822891235,59052.8316491659,[0],0.03759455364729414,1
jjlong8bmql,58368.05748939514,59054.57745526346,[0],0.03918408761003938,1
jjlongzuu24,61166.84556007385,59058.21304137388,[0],0.04126439934008384,1
jjlongblpk1,66107.64265060425,59055.069736125246,[0],0.040563637055432714,1
jjlonguv1pv,51712.34130859375,59056.39216034392,[0],0.038656684636225284,1
jjlongab4pc,55925.62294006348,59055.66036471989,[0],0.038246482323258765,0.01
jjlongtf4sm,62150.83074569702,59056.55879798901,[0],0.03770198758640441,0.01
jjlong3tn3z,57335.91914176941,59058.137540041134,[0],0.03772640439074767,0.01
jjlongfpgy4,65301.62286758423,59056.159456770714,[0],0.03924512962089749,0.01
jjlongke7lo,62628.215312957764,59056.05216740201,[0],0.03746514458427493,0.01
jjlongkxo8h,56646.86822891235,59052.8316491659,[0],0.03759455364729414,0.01
jjlong8bmql,58368.05748939514,59054.57745526346,[0],0.03918408761003938,0.01
jjlongzuu24,61166.84556007385,59058.21304137388,[0],0.04126439934008384,0.01
jjlongblpk1,66107.64265060425,59055.069736125246,[0],0.040563637055432714,0.01
jjlonguv1pv,51712.34130859375,59056.39216034392,[0],0.038656684636225284,0.01
jjlongab4pc,55925.62294006348,59055.66036471989,[0],0.038246482323258765,0.02
jjlongtf4sm,62150.83074569702,59056.55879798901,[0],0.03770198758640441,0.02
jjlong3tn3z,57335.91914176941,59058.137540041134,[0],0.03772640439074767,0.02
jjlongfpgy4,65301.62286758423,59056.159456770714,[0],0.03924512962089749,0.02
jjlongke7lo,62628.215312957764,59056.05216740201,[0],0.03746514458427493,0.02
jjlongkxo8h,56646.86822891235,59052.8316491659,[0],0.03759455364729414,0.02
jjlong8bmql,58368.05748939514,59054.57745526346,[0],0.03918408761003938,0.02
jjlongzuu24,61166.84556007385,59058.21304137388,[0],0.04126439934008384,0.02
jjlongblpk1,66107.64265060425,59055.069736125246,[0],0.040563637055432714,0.02
jjlonguv1pv,51712.34130859375,59056.39216034392,[0],0.038656684636225284,0.02
jjlongab4pc,55925.62294006348,59055.66036471989,[0],0.038246482323258765,0.04
jjlongtf4sm,62150.83074569702,59056.55879798901,[0],0.03770198758640441,0.04
jjlong3tn3z,57335.91914176941,59058.137540041134,[0],0.03772640439074767,0.04
jjlongfpgy4,65301.62286758423,59056.159456770714,[0],0.03924512962089749,0.04
jjlongke7lo,62628.215312957764,59056.05216740201,[0],0.03746514458427493,0.04
jjlongkxo8h,56646.86822891235,59052.8316491659,[0],0.03759455364729414,0.04
jjlong8bmql,58368.05748939514,59054.57745526346,[0],0.03918408761003938,0.04
jjlongzuu24,61166.84556007385,59058.21304137388,[0],0.04126439934008384,0.04
jjlongblpk1,66107.64265060425,59055.069736125246,[0],0.040563637055432714,0.04
jjlonguv1pv,51712.34130859375,59056.39216034392,[0],0.038656684636225284,0.04
jjlongab4pc,55925.62294006348,59055.66036471989,[0],0.038246482323258765,0.0133
jjlongtf4sm,62150.83074569702,59056.55879798901,[0],0.03770198758640441,0.0133
jjlong3tn3z,57335.91914176941,59058.137540041134,[0],0.03772640439074767,0.0133
jjlongfpgy4,65301.62286758423,59056.159456770714,[0],0.03924512962089749,0.0133
jjlongke7lo,62628.215312957764,59056.05216740201,[0],0.03746514458427493,0.0133
jjlongkxo8h,56646.86822891235,59052.8316491659,[0],0.03759455364729414,0.0133
jjlong8bmql,58368.05748939514,59054.57745526346,[0],0.03918408761003938,0.0133
jjlongzuu24,61166.84556007385,59058.21304137388,[0],0.04126439934008384,0.0133
jjlongblpk1,66107.64265060425,59055.069736125246,[0],0.040563637055432714,0.0133
jjlonguv1pv,51712.34130859375,59056.39216034392,[0],0.038656684636225284,0.0133